Correlation Matrix:
             Survived    Pclass       Age     SibSp     Parch      Fare  Age_Disc  FamilySize  TopFeatures
Survived     1.000000 -0.338481 -0.069809 -0.035322  0.081629  0.257307 -0.069809    0.016639    -0.018481
Pclass      -0.338481  1.000000 -0.331339  0.083081  0.018443 -0.549500 -0.331339    0.065997     0.055561
Age         -0.069809 -0.331339  1.000000 -0.232625 -0.179191  0.091566  1.000000   -0.248512    -0.042371
SibSp       -0.035322  0.083081 -0.232625  1.000000  0.414838  0.159651 -0.232625    0.890712     0.029064
Parch        0.081629  0.018443 -0.179191  0.414838  1.000000  0.216225 -0.179191    0.783111     0.030710
Fare         0.257307 -0.549500  0.091566  0.159651  0.216225  1.000000  0.091566    0.217138    -0.027485
Age_Disc    -0.069809 -0.331339  1.000000 -0.232625 -0.179191  0.091566  1.000000   -0.248512    -0.042371
FamilySize   0.016639  0.065997 -0.248512  0.890712  0.783111  0.217138 -0.248512    1.000000     0.035206
TopFeatures -0.018481  0.055561 -0.042371  0.029064  0.030710 -0.027485 -0.042371    0.035206     1.000000